4294967279,81
4294967279,80
4294967279,79
4294967279,78
4294967279,77
4294967279,76
4294967279,75
4294967279,74
4294967279,73
4294967279,72
4294967279,71
4294967279,70
4294967279,69
4294967279,68
4294967279,67
4294967279,66
4294967279,112
4294967279,111
4294967279,110
4294967279,109
4294967279,108
4294967279,107
4294967279,106
4294967279,105
4294967279,104
4294967279,103
4294967279,102
4294967279,101
4294967279,100
4294967279,99
4294967279,98
4294967279,97
4294967279,96
4294967279,95
4294967279,94
4294967279,93
4294967279,92
4294967279,91
4294967279,90
4294967279,89
4294967279,87
4294967279,86
4294967279,85
4294967279,84
4294967279,83
4294967279,82
4294967294,902
4294967294,97
4294967294,104
4294967294,106
4294967294,166
4294967294,24
4294967294,189
4294967294,384
4294967294,190
4294967294,908
4294967294,13
4294967278,225
4294967279,308
4294967278,291
4294967279,307
4294967279,306
4294967278,290
4294967278,196
4294967279,304
4294967278,224
4294967278,289
4294967278,288
4294967278,287
4294967294,89
4294967278,286
4294967278,221
53,5
53,4
4294967278,220
53,3
53,2
53,1
4294967278,194
4294967279,303
4294967278,9
4294967278,8
4294967278,7
4294967278,6
4294967278,5
4294967278,4
4294967279,132
4294967279,131
4294967279,130
4294967279,129
4294967279,128
4294967279,127
4294967279,126
4294967279,125
4294967279,124
4294967279,123
4294967279,122
4294967279,121
4294967279,120
4294967279,119
4294967279,118
4294967279,117
4294967279,116
4294967279,115
4294967279,114
4294967279,113
4294967294,429
4294967278,285
4294967279,302
4294967278,191
4294967278,190
4294967279,301
4294967294,38
4294967278,284
4294967278,189
4294967279,300
4294967278,188
4294967278,186
4294967278,184
52,4
4294967278,216
52,2
52,1
4294967278,215
4294967278,283
4294967279,299
4294967278,183
51,4
4294967279,298
51,2
51,1
4294967279,297
4294967278,182
4294967294,92
4294967294,90
4294967294,88
4294967294,86
4294967294,85
4294967278,25
4294967278,24
4294967278,23
4294967278,22
4294967278,21
4294967278,20
4294967278,19
4294967278,18
4294967278,17
4294967278,16
4294967278,15
4294967278,14
4294967278,13
4294967278,12
4294967278,11
4294967278,10
4294967278,282
4294967278,281
4294967279,296
4294967278,214
4294967278,180
4294967279,295
4294967294,107
4294967294,36
4294967294,971
4294967278,179
4294967278,280
4294967278,178
4294967278,213
4294967294,8
4294967294,50
4294967294,39
4294967294,99
4294967294,76
4294967294,41
4294967294,959
4294967294,43
4294967294,52
4294967294,474
4294967294,61
4294967294,81
4294967294,974
4294967294,915
4294967294,11
4294967294,6
4294967294,5
4294967278,132
4294967278,131
4294967278,130
4294967278,129
4294967278,128
4294967278,127
4294967278,126
4294967278,125
4294967278,124
4294967278,123
4294967278,122
4294967278,121
4294967278,120
4294967278,119
4294967278,118
4294967278,117
4294967278,116
4294967278,115
4294967278,114
4294967278,113
4294967278,112
4294967278,111
4294967278,110
4294967278,109
4294967278,108
4294967278,107
4294967278,106
4294967278,105
4294967278,104
4294967278,103
4294967278,102
4294967278,101
4294967278,100
4294967278,99
4294967278,98
4294967278,97
4294967278,96
4294967278,95
4294967278,94
4294967278,93
4294967278,92
4294967278,91
4294967278,90
4294967278,89
4294967278,87
4294967278,86
4294967278,85
4294967278,84
4294967278,83
4294967278,82
4294967278,81
4294967278,80
4294967278,79
4294967278,78
4294967278,77
4294967278,76
4294967278,75
4294967278,74
4294967278,73
4294967278,72
4294967278,71
4294967278,70
4294967278,69
4294967278,68
4294967278,67
4294967278,66
4294967278,65
4294967278,64
4294967278,63
4294967278,62
